Start...
45
161
643
720
792
864
930
983
1030
1079
1134
1296
1441
1589
1744
1940
2195
2385
2546
2780
3016
3184
3576
3816
4001
4187
4365
4653
4876
5145
5372
5607
5778
5900
6023
6190
6350
6512
6733
6895
7057
7204
7351
7498
7644
7790
7935
8074
8223
8371
8541
8688
8831
8973
9282
9447
9611
9764
10033
10462
10717
10933
11050
11175
11323
11676
12149
12680
12948
13210
13445
13640
13834
14016
14186
14385
14538
14784
15116
15297
15429
15654
15816
15994
16142
16328
16463
16603
16729
17093
17279
17686
18057
18203
18385
18571
18749
18884
19015
19140
19272
19387
19510
19633
19751
19828
Start...
99
167
620
745
786
830
866
901
930
958
990
1068
1144
1194
1269
1582
1771
1918
2038
2343
2568
2823
3308
3491
3658
3763
3864
4143
4287
4717
4945
5371
5469
5537
5607
5722
5788
5889
6065
6148
6248
6346
6432
6498
6536
6576
6618
6653
6745
6799
6869
6908
6942
6977
7128
7213
7322
7411
7656
8133
8472
8651
8738
8816
8893
9146
9545
9756
9883
10091
10379
10555
10737
10893
11097
11286
11389
11770
11838
11955
12017
12047
12097
12177
12270
12435
12490
12524
12566
12810
12856
13118
13407
13473
13554
13616
13657
13680
13701
13723
13738
13752
13764
13778
13806
13879
16100
Start...
56
109
113
117
120
122
129
142
145
149
152
156
175
179
182
186
188
191
194
195
200
202
206
209
212
215
217
221
224
227
230
234
237
241
245
247
250
261
263
265
267
269
272
316
372
408
471
496
593
629
633
637
643
649
654
660
667
672
678
684
689
696
746
776
838
865
885
891
897
902
952
996
1001
1007
1013
1019
1023
1029
1034
1039
1045
1051
1057
1062
1092
1145
1159
1170
1261
1293
1334
1448
1524
1852
2089
2136
2170
2192
2220
Start...
26
93
212
385
Start...
34
94
137
171
216
Start...
574
645
686
715
739
758
777
796
814
833
Start...
15
81
116
150
171
185
195
204
210
226
289
293
297
301
304
308
313
317
320
324
330
333
336
340
343
409
Start...
Start...
Start...
Start...
Start...
Start...
Start...
Start...
Start...
Start...
18
78
106
135
Start...
27
86
125
130
134
137
140
143
146
149
152
155
158
161
165
168
171
175
178
181
184
187
190
194
198
201
205
208
211
214
217
219
222
224
226
229
231
234
237
239
243
246
250
253
257
260
265
272
278
285
292
299
306
312
319
325
332
339
344
352
358
364
370
376
383
390
396
403
410
417
424
431
437
443
448
454
459
464
470
475
480
485
491
496
502
508
514
519
526
531
538
545
553
560
568
576
583
590
596
603
609
614
625
629
635
641
646
652
657
662
669
675
681
687
692
696
699
707
715
721
727
734
740
746
751
757
763
769
776
783
788
794
799
803
809
816
822
829
837
844
849
856
866
872
878
884
889
900
910
915
922
929
936
945
955
964
972
979
988
1016
1021
1028
1035
1042
1050
1059
1067
1073
1115
1140
1146
1153
1161
1166
1170
1175
1179
1184
1187
1191
1195
1199
1202
1206
1209
1213
1216
1219
1223
1227
1233
1238
1245
1251
1256
1263
1269
1275
1281
1286
1291
1296
1303
1308
1314
1320
1326
1331
1338
1342
1350
1356
1361
1366
1372
1378
1384
1390
1395
1402
1406
1411
1417
1420
1424
1429
1432
1435
1439
1442
1445
1448
1452
1455
1459
1462
1466
1470
1486
1491
1497
1502
1508
1514
1519
1526
1532
1538
1544
1550
1555
1561
1566
1572
1578
1582
1584
1588
1591
1595
1599
1605
1609
1614
1621
1625
1630
1635
1641
1653
1659
1664
1674
1679
1685
1689
1693
1697
1702
1706
1710
1729
1734
1738
1744
1747
1753
1757
1763
1767
1773
1808
1813
1818
1823
1829
1857
1862
1867
1915
1926
1930
1935
1941
1946
1952
1958
1964
1969
1975
1981
1987
1994
1999
2003
2006
2012
2016
2021
2024
2029
2033
2047
2051
2054
2057
2060
2063
2065
2068
2070
2073
2075
2078
2081
2083
2086
2088
2090
2092
2094
2097
2100
2102
2105
2108
2110
2112
2115
2117
2119
2121
2123
2125
2127
2130
2133
2135
2138
2140
2143
2145
2148
2182
2184
2186
2189
2191
2194
2197
2199
2202
2204
2207
2210
2213
2215
2287
2321
2439
2506
2534
2541
2547
2552
2559
2563
2568
2573
2581
Start...
28
71
75
79
83
88
93
97
99
105
109
112
116
119
123
127
131
134
137
141
145
149
153
155
158
161
165
168
172
175
178
181
184
188
192
196
200
203
207
Start...
31
37
43
48
53
58
63
67
70
80
83
86
90
93
98
101
105
110
113
117
122
124
129
133
136
141
145
148
151
154
158
161
165
168
171
175
178
181
184
188
192
195
198
202
205
209
212
215
218
221
223
227
229
233
241
242
249
252
256
262
268
272
278
286
293
298
306
313
321
329
343
351
359
367
375
382
389
395
403
411
417
423
430
434
442
450
457
462
468
475
481
487
493
499
506
510
517
523
532
558
566
574
581
588
595
602
607
612
620
626
632
638
643
651
658
663
667
673
678
684
690
697
703
708
721
728
734
741
747
752
757
763
769
773
780
783
791
797
803
811
818
823
870
875
880
886
891
897
904
909
916
922
931
941
949
962
972
980
987
996
1002
1010
1018
1025
1032
1041
1080
1102
1109
1115
1120
1126
1132
1136
1141
1144
1148
1152
1155
1159
1163
1167
1170
1174
1177
1180
1184
1188
1192
1198
1204
1210
1256
1261
1266
1271
1277
1282
1287
1293
1299
1305
1312
1317
1328
1333
1342
1383
1443
1521
1555
1588
1613
1641
1647
1653
1657
1662
1667
1671
1682
1688
1691
1693
1696
1701
1705
1709
1713
1717
1721
1727
1733
1738
1744
1749
1754
1760
1767
1773
1779
1783
1789
1795
1801
1806
1810
1815
1819
1824
Start...
43
49
54
60
65
69
74
78
82
85
90
92
96
100
105
109
114
117
122
126
131
135
139
143
147
151
154
158
162
166
169
173
177
181
185
188
192
195
198
202
205
210
214
217
220
223
226
228
231
233
236
239
242
245
248
252
257
262
266
271
276
284
291
298
306
313
321
328
336
344
351
359
366
376
381
390
398
406
415
422
428
436
443
449
455
462
468
476
482
490
497
503
508
514
521
527
534
540
546
552
558
566
575
584
593
600
607
614
620
626
632
638
645
652
657
663
670
677
684
690
697
702
707
713
719
725
732
738
744
750
755
760
767
774
781
788
794
802
808
814
820
827
834
841
849
858
868
878
886
892
899
905
911
918
923
931
939
945
952
958
966
975
984
994
1002
1009
1017
1026
1035
1041
1050
1058
1065
1077
1100
1118
1146
1154
1161
1167
1173
1178
1182
1200
1221
1247
1268
1300
1306
1311
1317
1322
1326
1332
1339
1345
1352
1358
1362
1368
1379
1385
1390
1394
1401
1406
1412
1419
1425
1468
1526
1614
1640
1661
1681
1760
1789
1883
1956
2021
2026
2029
2033
2037
2042
2046
2049
2053
2059
2062
2067
2073
2077
2083
2088
2094
2100
2105
2109
2114
2119
2123
2129
2134
2155
2160
2165
2170
2176
2181
2187
2193
2199
2205
2212
2218
2223
2261
2275
2337
2394
2473
2518
2546
2589
2654
2712
2821
2840
3141
3184
3415
3455
3685
3957
3982
4041
4071
4100
4110
4118
4124
4134
4138
4143
4150
4160
4217
Start...
Start...
Start...
Start...
Start...
Start...
Start...
Start...
Start...
Start...
Start...
Start...
Start...
119
234
Start...
48
178
Start...
2
169
647
713
783
848
907
975
1046
1111
1190
1392
1588
1784
1965
2223
2569
2875
3128
3368
3610
3817
4018
4233
4456
4644
4814
5088
5337
5623
5877
6133
6398
6549
6754
6910
7086
7266
7458
7662
7838
7976
8105
8222
8341
8455
8569
8687
8820
8926
9053
9173
9295
9411
9623
9753
9877
10029
10273
10691
11055
11365
11503
11610
11725
11953
12359
12645
12891
13176
13412
13568
13732
13894
14144
14385
14582
14916
15244
15480
15665
15801
15971
Start...
Start...
284

Start...
Start...
Start...
Start...
Start...
